Eigvals	46
0.9782619844995497	0.44903130589833806	0.08425407166627477	0.06014147071302367	0.05740791404632724	0.04698388914088436	0.029461758648041986	0.026567262021407106	0.020528096563946066	0.01802110379527371	0.01608684115915473	0.012056502367996512	0.010646098839199973	0.00999788269620775	0.006713783066994952	0.006023636890965425	0.0045163083386389954	0.004211621396344213	0.0030915870926915695	0.001677729358788349	0.0014785318766358455	0.0008849172908196035	0.00030479061127442614	0.0	0.0	0.0	0.0	0.0	0.0	0.0	0.0	0.0	0.0	0.0	0.0	0.0	0.0	0.0	0.0	0.0	0.0	0.0	0.0	0.0	0.0	0.0

Proportion explained	46
0.5292625678027663	0.2429364175948853	0.04558341939530964	0.03253793945319606	0.03105902149095893	0.025419380703816368	0.015939499112832215	0.014373508875674098	0.01110617939947378	0.009749837794428912	0.00870335655952639	0.0065228491990009475	0.005759787968863488	0.005409087905110344	0.003632313349604679	0.003258928159264784	0.0024434282290136567	0.0022785854813550063	0.0016726207796993074	0.0009076907439724996	0.0007999202565423726	0.0004787609097085037	0.00016489883499643624	0.0	0.0	0.0	0.0	0.0	0.0	0.0	0.0	0.0	0.0	0.0	0.0	0.0	0.0	0.0	0.0	0.0	0.0	0.0	0.0	0.0	0.0	0.0

Species	0	0

Site	46	46
11548.A25.126.5a	-0.09830989625033644	-0.0868449940047056	-0.029010006481753694	-0.0333192176211604	-0.01027447325754982	-0.01594008975222933	-0.031375935943002815	-0.028781773183409038	0.007967466169636393	-0.028148025765164644	0.019112734467592127	-0.011446958022376793	0.0006979485329617359	-0.00395659576329854	0.005506189397416686	0.016555301557406317	-0.012513055317292692	0.015674791817601917	0.004865523303911119	0.00178136913719536	-0.005410249620952494	0.0026308953320682937	-0.0034392554404736484	0.0	0.0	0.0	0.0	0.0	0.0	0.0	0.0	0.0	0.0	0.0	0.0	0.0	0.0	0.0	0.0	0.0	0.0	0.0	0.0	0.0	0.0	0.0
11548.132.133.5a	-0.23866991211268304	-0.016917430637949465	0.08126043687014321	-0.004992893812910811	0.01645839028411152	0.006572478980520052	-0.002105459928025657	0.023760320326647783	-0.03132818524880009	0.0061189269985847915	-0.015049898049883	-0.002713484293788063	0.023391226830411633	-0.011456760130508444	-0.016766487230462215	-0.0010336524007176838	0.0006510953122931675	0.011375576543157857	0.005104431231333466	-0.005019696200530254	-0.0014669290369914033	-0.0048850018718687915	-3.327703331778488e-05	0.0	0.0	0.0	0.0	0.0	0.0	0.0	0.0	0.0	0.0	0.0	0.0	0.0	0.0	0.0	0.0	0.0	0.0	0.0	0.0	0.0	0.0	0.0
11548.A31.132.3a	0.018964382022726784	-0.14661249133891974	-0.0291489577698966	-0.017329723767850677	0.005191029702031542	0.06777747721859341	-0.01871802798045543	-0.009744122431317972	-0.033053809547624144	0.035968115672025784	-0.029655282820501314	-0.005020927239459919	0.00552962784615195	0.01580243792819098	0.002130826755831689	-0.01056097460220663	-0.007693788021647851	-0.0019644203562614684	0.0005529408134281145	-0.003742709050634078	0.006952285787594432	-0.00038139493234288916	0.00037062089401358706	0.0	0.0	0.0	0.0	0.0	0.0	0.0	0.0	0.0	0.0	0.0	0.0	0.0	0.0	0.0	0.0	0.0	0.0	0.0	0.0	0.0	0.0	0.0
11548.A29.130.5a	-0.14226147065443082	-0.11605509918567093	-0.01589973125967101	0.02009869698390661	0.03313167878552793	-0.04721038448960449	-0.018125621843836197	-0.02368300673291553	-0.007661603807753328	-0.0003371330663924309	-0.003710188868029628	0.005817340796988294	0.012440487014940724	-0.0041030474877616525	-0.0028847678425872984	-0.009967478223428885	-0.0025242434601882254	-0.009397992346016	-0.01902581254176214	-0.007580503813742935	0.004924993169773927	-0.0005807735510570599	-0.0024855543858015223	0.0	0.0	0.0	0.0	0.0	0.0	0.0	0.0	0.0	0.0	0.0	0.0	0.0	0.0	0.0	0.0	0.0	0.0	0.0	0.0	0.0	0.0	0.0
11548.A26.127.1a	0.0023834624132666716	0.04552572119060029	-0.028825718624813777	0.013594882050562598	-0.01022233035791496	0.00413037796951052	0.04719351775228365	-0.005564479362615951	-0.0030814639024307404	-0.021134318602445676	-0.019341211094955194	0.03742959262749795	0.013025031315585703	0.004312775416102747	0.010634034006877405	0.0013754257971228681	0.018544866158992583	-0.009151659252420079	0.01292445437765496	0.0030326753163230523	0.0017900187453762846	0.0033880585525250095	0.002118005847782013	0.0	0.0	0.0	0.0	0.0	0.0	0.0	0.0	0.0	0.0	0.0	0.0	0.0	0.0	0.0	0.0	0.0	0.0	0.0	0.0	0.0	0.0	0.0
11548.A30.131.1a	-0.0634200311218877	-0.11766679518264242	0.017579577577144127	0.033026767526344494	-0.05310811159941054	-0.02718124620538151	-0.01137721830304268	0.009530539211587146	-0.005333399374866253	-0.012424818235533269	-0.014968733432603548	9.131632400121051e-06	-0.01048492406189245	0.004997406727291973	-0.026614920421743134	0.0028324514196190666	-0.009579531281235685	-0.0029087474368470314	0.001239097515728022	0.0031085998928451044	-0.006788263788513485	-0.0008346326747487416	0.003923679187051694	0.0	0.0	0.0	0.0	0.0	0.0	0.0	0.0	0.0	0.0	0.0	0.0	0.0	0.0	0.0	0.0	0.0	0.0	0.0	0.0	0.0	0.0	0.0
11548.A26.127.4a	-0.06695493020288094	0.13795497744893942	-0.022845526794036015	-0.03838160794576017	-0.02535249342780328	0.008262639238623153	-0.010958852412121915	0.014830088335915216	-0.016636703951410422	0.030309434622383353	-0.03878237860605907	-0.013007075927776321	0.0332726972145874	-0.00872337094054473	0.011281636139232498	0.006934658492059276	-0.010968584359834771	-0.0005359962319197933	0.005190459912852867	0.002129889824266336	-0.000991227889339209	-0.0027439930582897395	-0.00022459254528621824	0.0	0.0	0.0	0.0	0.0	0.0	0.0	0.0	0.0	0.0	0.0	0.0	0.0	0.0	0.0	0.0	0.0	0.0	0.0	0.0	0.0	0.0	0.0
11548.A24.125.2a	0.2546567286890876	-0.1432700593376886	0.11181770708416541	0.0021716841521088968	0.03749322085412784	-0.00565518621962619	0.019700962776399655	0.013269557975602163	-0.04547636618161569	0.001488815594816411	-0.0068573973262670215	0.010646420137314316	-0.0040503075682573435	-0.003525117682412063	-0.003245874583000907	0.011729883696703644	0.0021145877481689515	0.0031972821541557525	-0.0004276047313165339	-0.003590618271944365	-0.006080471335395086	-0.0012343325712311326	-0.0026551443753724518	0.0	0.0	0.0	0.0	0.0	0.0	0.0	0.0	0.0	0.0	0.0	0.0	0.0	0.0	0.0	0.0	0.0	0.0	0.0	0.0	0.0	0.0	0.0
11548.A30.131.4a	-0.10983404548333146	0.09509454761889317	0.03544528151838982	0.06983928284395771	-0.06927921434081313	0.060989846024231145	-0.012869464815272007	-0.06241863187589594	-0.023711512744105157	0.002592576971938783	0.028406156490363824	-0.013593651295548584	0.015237079142420201	0.009314611751028943	0.002000407445445593	0.007204176359561768	-0.0008862184428375141	0.004590674639510519	0.0019070851709065441	0.002660911984227173	-0.004679846334556668	-0.001844291363987913	-0.0015763848550637673	0.0	0.0	0.0	0.0	0.0	0.0	0.0	0.0	0.0	0.0	0.0	0.0	0.0	0.0	0.0	0.0	0.0	0.0	0.0	0.0	0.0	0.0	0.0
11548.A27.128.4a	-0.04124114892524736	-0.010785333158952248	-0.04801537265635893	-0.012790729033040148	-0.03337310353796947	0.008014542810141613	0.0049942127271411065	-0.005320115328973344	0.021447629792165895	0.023519548285872504	0.006776079307272566	0.008323584142834599	0.013204347735385279	0.0021394370757421323	0.017588911084772115	0.0005802621158353562	0.020480039371083135	0.012937223622121002	-0.017800488851606365	-0.006998038966729693	-0.006596652598243908	-0.007682141657543706	-0.002984800866128488	0.0	0.0	0.0	0.0	0.0	0.0	0.0	0.0	0.0	0.0	0.0	0.0	0.0	0.0	0.0	0.0	0.0	0.0	0.0	0.0	0.0	0.0	0.0
11548.A31.132.6a	-0.18011779645295933	-0.13047574964490538	-0.01590542725771875	0.026375136986229567	0.01880499064514584	-0.011552520900279997	-0.006892456760545481	0.04936076400224865	-0.008106898750172951	0.006859556521684083	0.020278966254141613	0.02552291010556823	-0.0042112701824565165	-0.00841871045818486	0.0038352234904442915	0.010083984319714004	-0.005620303944126541	0.02501150294132671	-0.005232326477055883	0.0016217871300880922	0.00549029903666539	0.0021916531704478243	-0.0002820605864983014	0.0	0.0	0.0	0.0	0.0	0.0	0.0	0.0	0.0	0.0	0.0	0.0	0.0	0.0	0.0	0.0	0.0	0.0	0.0	0.0	0.0	0.0	0.0
11548.A27.128.5a	-0.08114442033987676	-0.08928260090283247	-0.009122238655345383	-0.002942666176128409	-0.03667563240405	-0.009646393552591946	-0.01749297929964268	0.0035666396153804145	0.013213291763472336	-0.0048392148473085286	0.008451879501867727	-0.00022316878736930562	0.014408492590781337	0.0004473560855816441	0.0024322612035920146	-0.011329461691719868	0.018367314743988606	-0.0018615775323332978	-0.00804328309267665	0.005292396253966661	0.0007782720421996274	-0.0026454100010697974	0.007385006906285533	0.0	0.0	0.0	0.0	0.0	0.0	0.0	0.0	0.0	0.0	0.0	0.0	0.0	0.0	0.0	0.0	0.0	0.0	0.0	0.0	0.0	0.0	0.0
11548.A25.126.1a	0.33188205812960514	-0.050279174208422234	0.008742933073980661	-0.029136317186258347	-0.0324463822982014	0.015133465377468135	0.0545912653568529	-0.015129814723053416	-0.007637498299759926	-0.00016213554812217375	0.024655951277096314	0.008107615549926114	-0.0011262291239864445	0.002200237837401628	-0.022085470444122884	-0.002871617148369911	0.00043370376141950293	0.00714923666551715	-0.0008411234644131656	-0.003309915053952373	-0.006110700098352705	0.0014229370145457118	0.0004212244940981238	0.0	0.0	0.0	0.0	0.0	0.0	0.0	0.0	0.0	0.0	0.0	0.0	0.0	0.0	0.0	0.0	0.0	0.0	0.0	0.0	0.0	0.0	0.0
11548.132.133.1a	0.046061941794034694	0.006485552480091984	-0.027192019196301175	0.010997824497633238	-0.009721419822307845	-0.012734341399990566	8.556518984627078e-05	0.028809480553456095	0.03373573732269849	-0.013551742166784354	-0.00863091097134832	0.002288353038462058	0.008650099685943857	-0.021966064773652386	-0.017222586742625758	0.009256306895956514	-0.027299980359521882	-0.010200485264938074	1.2404625802612722e-05	-0.008267753884761416	-0.004856600665880127	-0.0067138353832229235	0.004152224123939867	0.0	0.0	0.0	0.0	0.0	0.0	0.0	0.0	0.0	0.0	0.0	0.0	0.0	0.0	0.0	0.0	0.0	0.0	0.0	0.0	0.0	0.0	0.0
11548.A29.130.1a	0.14350465207348473	-0.03651428016788756	0.017167182428629735	0.09968905247792617	0.04441201639712054	-0.01153873583759544	-0.04628927456062073	-0.044928637089759006	0.01380108383632701	0.012569146551408991	-0.008277754522532018	-0.010388659891297523	-0.006797623590468305	0.011516299909095327	-0.0015497696982526609	0.001816347084168219	-0.007240214694902178	-0.004469926455860569	0.005045071025166826	0.006519179944202332	3.359100824979067e-05	0.0010659079949760584	-0.00015004125279795234	0.0	0.0	0.0	0.0	0.0	0.0	0.0	0.0	0.0	0.0	0.0	0.0	0.0	0.0	0.0	0.0	0.0	0.0	0.0	0.0	0.0	0.0	0.0
11548.A26.127.5a	-0.16079492449558017	0.07585509208631185	0.0023925510906948294	-0.0769248944714106	-0.0345268646387007	-0.027599738025476724	-0.0359695487147999	-0.028238421393615275	0.008997098721748366	-0.03459678982878902	8.262288654164117e-05	0.011560246397231282	0.005776807854757928	0.020661721561177314	-0.01841099125124129	0.0001608650867189288	0.006045427358196097	-0.006139545345332569	-0.003153416800260151	-0.0035139803834450143	0.0012851229961940462	-0.0016327283168345243	0.0017300545536237325	0.0	0.0	0.0	0.0	0.0	0.0	0.0	0.0	0.0	0.0	0.0	0.0	0.0	0.0	0.0	0.0	0.0	0.0	0.0	0.0	0.0	0.0	0.0
11548.A30.131.5a	-0.2552166568537328	0.02335418818619551	0.0729478684082577	-0.042710290698029965	-0.02282613402656526	0.008473209170856791	-0.017419026394836442	-0.005259369367553892	0.03297074949517145	0.02523290741967673	0.03487123124042983	0.020048685035184314	-0.01870067455107669	-0.025741650222615983	0.006683500374572648	-0.009093125371508403	-0.0002104017342760277	-0.003472516259591327	0.006759245944460133	0.0075474261226871195	0.0010741028405053617	0.0015796648293479227	0.0006474011805424843	0.0	0.0	0.0	0.0	0.0	0.0	0.0	0.0	0.0	0.0	0.0	0.0	0.0	0.0	0.0	0.0	0.0	0.0	0.0	0.0	0.0	0.0	0.0
11548.A24.125.3a	0.22979773172661797	0.09381731198496956	-0.04958826049201844	0.07953932086853457	-0.08156654160843738	-0.08959499836816798	-0.0038937856318856045	0.030912137757602914	-0.017369061935039166	-0.0045843266534823755	0.020331744967000357	-0.020339272455106815	0.011550270025587624	-0.0005363220291052153	0.008207382696015746	-0.00820671248504505	0.0021544233351546214	0.006153293147839573	0.00847356443649766	0.0014909034194685576	0.0019266374558127963	0.0018875849801837704	-0.0008100864197806197	0.0	0.0	0.0	0.0	0.0	0.0	0.0	0.0	0.0	0.0	0.0	0.0	0.0	0.0	0.0	0.0	0.0	0.0	0.0	0.0	0.0	0.0	0.0
11548.A24.125.6a	-0.059850604741659166	0.14281724604814813	0.009523053192345423	-0.020620955951691885	-0.04545694482062834	0.02671851634001095	-0.004313096063978315	-0.0169486953333233	-0.03010332729155343	0.010051277818162114	-0.005518633958709037	-0.002248966619931902	-0.04813390205329406	-0.006786542026693421	0.003449255743245546	0.0037438213683875544	0.004142677543895649	0.0035283953301755294	0.005986627288061216	-0.017012782812706705	0.0065561380291669	0.0010175841702025129	0.0026249455548081196	0.0	0.0	0.0	0.0	0.0	0.0	0.0	0.0	0.0	0.0	0.0	0.0	0.0	0.0	0.0	0.0	0.0	0.0	0.0	0.0	0.0	0.0	0.0
11548.A31.132.2a	-0.002520594910797076	0.15236503447183672	-0.02575197377307043	0.0011654067706565012	0.05647196483858666	0.043670440716892925	-0.02191026477101228	0.04028959464721802	-0.02013589866718078	-0.0032353769808917427	0.023472996514049736	-0.027421881045502687	-0.00701675197992462	-0.008603404402791911	-0.01930555216945665	-0.01203042729760652	0.015964942462659653	-0.005734414112074719	-0.002407641292598957	0.005324098220661637	-0.003547377116342425	-0.0002439141864012195	0.0025511342350544586	0.0	0.0	0.0	0.0	0.0	0.0	0.0	0.0	0.0	0.0	0.0	0.0	0.0	0.0	0.0	0.0	0.0	0.0	0.0	0.0	0.0	0.0	0.0
11548.A25.126.4a	0.11885647914071469	-0.032732652697398404	-0.03762404932166076	-0.03327129911772908	0.022734972889103193	0.0030659430853485635	-0.04439750961939682	0.004839099098755237	0.029005298488755677	0.002341864075865961	-0.009380219655572373	-0.003051574935576005	-0.014635802712684182	0.025807751307712685	-0.013315115388340622	0.004257486691320267	0.010844263007754845	0.01444683676846243	0.0028133133280716376	-0.004057221724901966	-0.0002465196989300666	0.005102736396175036	-0.001975570768751936	0.0	0.0	0.0	0.0	0.0	0.0	0.0	0.0	0.0	0.0	0.0	0.0	0.0	0.0	0.0	0.0	0.0	0.0	0.0	0.0	0.0	0.0	0.0
11548.A29.130.4a	-0.01996418730661128	0.049214146626252495	-0.04662959746144268	-0.0013891414933414551	0.045796055090811826	-0.020536447686606916	0.03326264586249627	-0.036110781483896875	0.01494680727006029	0.003620220691142172	-0.00795446024830787	-0.0005093717463941645	0.00011152088962241835	-0.00021434726736288692	0.006840452696417265	-0.026041695704501603	-0.00750902114452463	-0.003218388223173137	0.0020612836443175495	-0.016840387383591737	-0.01349881867582881	0.005644841706646861	0.0008005602252691836	0.0	0.0	0.0	0.0	0.0	0.0	0.0	0.0	0.0	0.0	0.0	0.0	0.0	0.0	0.0	0.0	0.0	0.0	0.0	0.0	0.0	0.0	0.0
11548.A30.131.2a	-0.038475799968990414	0.045765930806518404	-0.0267554273215892	-0.025361068471385806	-0.019029472245910603	0.008268711131818285	0.035446066773963475	0.0007430331915566159	0.004769655707098646	0.021927296357521543	0.005298778288681791	-0.010882284169681709	-0.008714995493838104	0.027603357464537848	-0.016684364420881236	0.0010561138331460866	-0.011685607796436173	0.00367283538314949	0.007958860023341075	0.004132194865177714	0.011565262290545834	0.006958374406442267	0.0001958476977233711	0.0	0.0	0.0	0.0	0.0	0.0	0.0	0.0	0.0	0.0	0.0	0.0	0.0	0.0	0.0	0.0	0.0	0.0	0.0	0.0	0.0	0.0	0.0
11548.A24.125.4a	0.18687086214171367	0.03272369589065603	-0.012558093452046348	-0.012122004336613241	-0.013347422422439826	-0.03802946281014017	-0.03775853284958873	0.030962222592184976	-0.01723306959545591	0.023299075280148334	-0.03749151728820977	0.0003895110309395682	-0.03674417181240776	0.0011277201306820694	0.011117535340375127	0.007280664067100982	0.008820295732843252	-0.006731889110302653	-0.007346734156781557	0.005115861453970251	-0.005366183969840022	-0.0009878703149083633	0.0013864626832863047	0.0	0.0	0.0	0.0	0.0	0.0	0.0	0.0	0.0	0.0	0.0	0.0	0.0	0.0	0.0	0.0	0.0	0.0	0.0	0.0	0.0	0.0	0.0
11548.A26.127.2a	0.16111849372280238	-0.01847379021204193	0.012734390125330544	0.01574321837829272	0.005656759974636726	0.02296601605305281	-0.025749206783260124	-0.009598282283925862	0.0034849150287348508	-0.025271931439108164	-0.027142797645352833	0.04060645823804037	0.007826751915014217	0.020225046003494618	0.01177993997175877	-0.013067436207252252	-0.00880047641230864	0.0023531425757477315	0.0016712662209264373	0.004857300997791665	0.006694074690083541	-0.001906260246773321	-0.0003382645269179801	0.0	0.0	0.0	0.0	0.0	0.0	0.0	0.0	0.0	0.0	0.0	0.0	0.0	0.0	0.0	0.0	0.0	0.0	0.0	0.0	0.0	0.0	0.0
11548.A29.130.6a	-0.20029534353393982	-0.10117182123591899	-0.0075291874624567835	0.01815069739490568	0.05616886547090797	-0.026833296744240242	0.012439260709015307	-0.005259796060718947	-0.011260620725790727	0.00688853420569083	0.0016102669388631157	0.01384208483083889	-0.00017419339215433966	0.007567683031370698	0.011532490438535043	-0.014432393762185367	0.0005142331616561832	0.009877050540103745	0.01762227669949085	0.00518899071922591	-0.009539837005307139	0.0035555777119871718	0.004619580165480082	0.0	0.0	0.0	0.0	0.0	0.0	0.0	0.0	0.0	0.0	0.0	0.0	0.0	0.0	0.0	0.0	0.0	0.0	0.0	0.0	0.0	0.0	0.0
11548.A27.128.2a	0.16090765705616908	-0.09253498737535994	0.053950819687510525	0.040659311791680565	0.013196895923010923	0.05798556490752454	-0.010192536228752701	0.014475882653191358	0.02292910923288506	-0.005985005456088804	0.006719111096387691	-0.026447188862367615	0.021702114595185704	0.0034278717636930245	0.004235512548168467	-0.004737338068964719	0.013333494266506688	0.00700026771686744	0.002313838766539105	-0.009088158456016286	0.0032084849944366027	-0.0006076672964968431	0.003735520545535755	0.0	0.0	0.0	0.0	0.0	0.0	0.0	0.0	0.0	0.0	0.0	0.0	0.0	0.0	0.0	0.0	0.0	0.0	0.0	0.0	0.0	0.0	0.0
11548.132.133.6a	-0.18521758346709447	-0.02661908733597114	0.05045373312841415	-0.00727201098307347	0.010277219471571123	-0.0033524620042091513	0.013562525264314012	0.010215968784770008	-0.00273437781475662	-0.014217126811043227	-0.010754946614689277	-0.024860448246355745	0.011003415394958709	0.007341128227945449	0.005281293015532768	0.006866396554743739	-0.005593310766877388	-0.01093155908537801	-0.023305536333565552	0.0032108853340842448	0.001289652724517699	0.014987969765531172	0.0003636432458043603	0.0	0.0	0.0	0.0	0.0	0.0	0.0	0.0	0.0	0.0	0.0	0.0	0.0	0.0	0.0	0.0	0.0	0.0	0.0	0.0	0.0	0.0	0.0
11548.A25.126.6a	-0.13529176421524108	-0.08772549905549122	0.015842819437485594	0.01349098484539795	-0.007718391870224204	-0.028640682318147	0.03585596229634243	0.004086871870922081	0.007167793980534392	0.006860188666584039	-0.0033571694753660106	0.0013160789367400545	0.005406510152584018	0.001975383232572127	-0.010230570555700362	0.03247058581252066	0.01741871909320748	-0.01072378011682764	0.008822355660370587	-0.0044827378905439455	-5.001313262991666e-05	0.004109985410866849	-0.002265758257077062	0.0	0.0	0.0	0.0	0.0	0.0	0.0	0.0	0.0	0.0	0.0	0.0	0.0	0.0	0.0	0.0	0.0	0.0	0.0	0.0	0.0	0.0	0.0
11548.A29.130.3a	0.059587500894679665	0.2458883823444824	0.05200829348498598	-0.026369180948084596	0.07569956079117646	-0.0770591305700227	-0.009948789434109965	-0.031387962958203716	-0.013841960091978571	0.027343424725398198	0.011448122597771069	-0.006842173276124689	0.005910930305922203	-0.0075248919244530425	-0.002296191242055535	-0.004308012534844609	0.002045944902266375	0.007594860538475033	-0.00393266591747445	0.002796161025400457	-0.00015269913662328233	0.0003644089621924296	-3.5882220313695794e-05	0.0	0.0	0.0	0.0	0.0	0.0	0.0	0.0	0.0	0.0	0.0	0.0	0.0	0.0	0.0	0.0	0.0	0.0	0.0	0.0	0.0	0.0	0.0
11548.A31.132.5a	-0.16677781607956826	-0.07568804822212682	-0.01820915630831801	-0.0034206810679267186	0.03532235584478042	0.00933383213618632	-0.00033405892772711863	0.009025448093488448	-0.022247060384856052	-0.009064380983024688	0.03081493696450491	-0.008946034790332945	-0.0009743527940964688	0.01580720932260175	0.004113823198027049	0.000584810138601302	0.00513780182298825	-0.028560782120231977	0.005952340948757195	0.000583877768283826	0.00351744249314007	-0.004144952177170814	-0.0018702896672942032	0.0	0.0	0.0	0.0	0.0	0.0	0.0	0.0	0.0	0.0	0.0	0.0	0.0	0.0	0.0	0.0	0.0	0.0	0.0	0.0	0.0	0.0	0.0
11548.132.133.3a	0.04407395147324617	0.24369733621836637	0.09140157172798005	0.010424608568893413	0.015445578317595923	0.006878869259556528	-0.02752655129466807	0.02529160580543658	0.024711889102856068	-0.009697166112275	0.013687586997939809	0.02999510903247841	0.006701151388031464	0.015750944497221715	0.006790648923074415	0.010088726729210561	-0.010309012692417291	-0.004865367050486757	0.0031933518675210685	-0.00667536311428738	0.001655613129555799	-0.00224018685792187	-0.0008264715385009155	0.0	0.0	0.0	0.0	0.0	0.0	0.0	0.0	0.0	0.0	0.0	0.0	0.0	0.0	0.0	0.0	0.0	0.0	0.0	0.0	0.0	0.0	0.0
11548.A25.126.3a	0.09798695073692815	-0.11102226333573519	-0.018811414166019707	-0.05164727287389546	0.027901164557993324	0.04528289935156221	-0.0130686821699987	-0.010955716185347554	0.026322898806529715	-0.020969125000148872	-0.007792468775226759	-0.027886365883775605	-0.007777209114727071	-0.029371866314955947	0.010254110740586537	0.0058641101513127675	-0.003221420546060157	-0.002516150014622	0.012497257850557542	0.005870988664752871	-0.005863980460925452	-0.0014187324474364679	-0.001615822403099611	0.0	0.0	0.0	0.0	0.0	0.0	0.0	0.0	0.0	0.0	0.0	0.0	0.0	0.0	0.0	0.0	0.0	0.0	0.0	0.0	0.0	0.0	0.0
11548.A24.125.1a	0.2919617298859291	-0.09433114189054577	0.07135961282943168	-0.023501724079682703	-0.013311560793741404	-0.009402387928421038	0.021774035656948233	-0.02653651200242566	-0.00404910363903488	-0.009343535197960122	0.016954145680244084	0.00180756488537878	-0.010497033738572659	-0.022126064718097617	0.01999817410657064	-0.0029534999117937044	-0.002547943771627814	-0.01134694441789104	-0.007389760306212284	0.0028356611973154415	0.00681433565752135	-0.0005557181841306611	0.0021097970586751408	0.0	0.0	0.0	0.0	0.0	0.0	0.0	0.0	0.0	0.0	0.0	0.0	0.0	0.0	0.0	0.0	0.0	0.0	0.0	0.0	0.0	0.0	0.0
11548.A30.131.6a	-0.20844839821939976	-0.06785288768872594	0.040597477097288004	-0.003344802952851789	0.003972722639068852	-0.020780003886268494	0.04700337248234372	0.018877660285239337	0.03138757546173465	0.005308375949918213	-0.013059745871003102	-0.01951013129244298	-0.019620331434983602	0.01419406922942749	0.008163134880983509	-0.015531791279389293	-0.002560285306539427	0.012677667396077268	0.002238280351487312	0.0038675136996877404	0.005049963263484547	-0.008327289279633603	-0.0016687194799483453	0.0	0.0	0.0	0.0	0.0	0.0	0.0	0.0	0.0	0.0	0.0	0.0	0.0	0.0	0.0	0.0	0.0	0.0	0.0	0.0	0.0	0.0	0.0
11548.A26.127.6a	-0.011360022207989115	0.10755387751553334	-0.00922315399009669	-0.006515755483263414	0.009962506383446009	0.019156738049039584	0.021412211796540796	-0.005837882514938642	-0.011577920796265097	-0.059785085944701534	-0.016396023569576954	-0.012099433867934464	-0.012186882882935715	0.004565725718531264	0.016922607238020054	0.01431415996099121	-0.001341919812696453	0.01812196171056579	-0.012440470084993663	0.0033649909072838145	-0.0010107137648997682	0.0007980339731940491	0.0031607759690059135	0.0	0.0	0.0	0.0	0.0	0.0	0.0	0.0	0.0	0.0	0.0	0.0	0.0	0.0	0.0	0.0	0.0	0.0	0.0	0.0	0.0	0.0	0.0
11548.A29.130.2a	0.0016592035193170845	0.0361741882405475	-0.05859694411741728	0.04033787828803035	0.052758700495655855	-0.016081616091067005	0.03325189244771823	-0.052204548559718136	0.020894905040234807	0.014886228719018112	-0.015666785196387464	-0.0016371895065432972	-0.004656850169552666	-0.01774556390899272	-0.015295209259682899	0.02361923666336877	0.007459831179541794	0.0021665843340791424	-0.002641029575633148	0.004047053534381227	0.011554462809192142	-0.008454069467556103	0.0018543646844304755	0.0	0.0	0.0	0.0	0.0	0.0	0.0	0.0	0.0	0.0	0.0	0.0	0.0	0.0	0.0	0.0	0.0	0.0	0.0	0.0	0.0	0.0	0.0
11548.132.133.2a	0.01617396001258721	0.10722616808895392	0.004772781911472348	0.028373908591316558	0.023132737506705074	0.003951402351212434	0.03094146063035195	0.04195188311024	0.03221150680444226	-0.012895488468917643	0.003970411507946463	-0.022325548202139	-0.006751769995741204	0.016754232177096734	0.014700813245657819	-0.0019705856233407037	-0.0032261769327776653	-0.008587314915840007	0.0025655586474184777	-0.00494350674238636	0.0021904403725285957	-0.0025569269365179064	-0.0030961521354216644	0.0	0.0	0.0	0.0	0.0	0.0	0.0	0.0	0.0	0.0	0.0	0.0	0.0	0.0	0.0	0.0	0.0	0.0	0.0	0.0	0.0	0.0	0.0
11548.A25.126.2a	0.2996198084135821	-0.05490375179794129	-0.027446578295495922	-0.10739845776551188	0.006532101090668122	-0.028988310520495254	0.0017173160686187493	0.006741218166154358	-0.003975568690973366	0.009540571213887225	0.0229360515978788	-0.005607837407103613	0.029994426702157163	0.011215441895701454	-0.000833114605094645	0.00035013795120706514	-0.004428728383321695	0.0011405994476563783	0.004252987743495195	0.0038200124504284023	0.005896027204504192	-0.0013979929842922033	0.00031543935343112593	0.0	0.0	0.0	0.0	0.0	0.0	0.0	0.0	0.0	0.0	0.0	0.0	0.0	0.0	0.0	0.0	0.0	0.0	0.0	0.0	0.0	0.0	0.0
11548.A31.132.4a	-0.016333636339964958	0.034601487919947445	-0.1024550154534783	0.00488673154389024	0.044136886323073554	0.032696455845977905	-0.009714123054180316	0.018636711998795942	-0.025625795838214845	0.0030328355449287664	0.02566876012838962	0.024503281303957514	0.0008568115687475138	-0.003276510943985577	0.01263081197057951	0.019881944642832237	-0.00227686293623561	-0.0076102879817272805	0.00040922674228101357	-8.569740604037445e-06	-0.0046334490782624135	0.0009115784881678031	7.266014808540757e-05	0.0	0.0	0.0	0.0	0.0	0.0	0.0	0.0	0.0	0.0	0.0	0.0	0.0	0.0	0.0	0.0	0.0	0.0	0.0	0.0	0.0	0.0	0.0
11548.A27.128.6a	-0.011598760336353748	-0.03176794112036091	-0.019346219542780776	0.015599942807640316	-0.051947196442334975	0.009747892571348234	-0.0005509097617826088	0.004592835985958153	0.014515642709045441	0.03669320446340829	0.00012032368776505074	-0.00040184832578488497	0.006044711457777383	-0.024078837960021925	0.012985960298949675	0.0028931595886689874	-0.010068511584519104	-0.003621192607404786	-0.0025984432670455924	-0.004040430997781423	0.003948222584368184	0.007549430850880891	0.0013928524297450824	0.0	0.0	0.0	0.0	0.0	0.0	0.0	0.0	0.0	0.0	0.0	0.0	0.0	0.0	0.0	0.0	0.0	0.0	0.0	0.0	0.0	0.0	0.0
11548.A31.132.1a	0.03304309442231645	-0.006468217536365045	-0.059320229093037614	0.03192784970709153	0.014370588013738708	0.021440409686470503	-0.0012912993503879646	0.009675401605448863	-0.017530756287852618	-0.026443065465087505	0.02131701024741214	0.013843629661284213	-0.012800955294962835	-0.022289893377810573	-0.01666945478965469	-0.02138545451633906	-0.007569365444070349	0.004689627104043718	-0.006819497370131506	-0.0023167997327426465	0.009017521779459406	0.00011902801762092906	-0.0029374349355691834	0.0	0.0	0.0	0.0	0.0	0.0	0.0	0.0	0.0	0.0	0.0	0.0	0.0	0.0	0.0	0.0	0.0	0.0	0.0	0.0	0.0	0.0	0.0
11548.A27.128.3a	0.133433642498492	-0.013462579803570221	0.013988652269771711	0.02342044632131998	-0.014836324554947407	0.03189191871908318	-0.010961368346727762	0.013505934037680143	0.04677319007408978	0.023763413514487994	-0.005489814499772252	0.017083687024548013	-0.004110240579906381	-0.0012283870628446423	-0.015521452713073237	-0.0023757329123084365	0.010260600523118073	-0.0039010067167761305	-0.006895786809106755	0.0042568963354943125	-0.006233237909717229	0.005026206532238032	-0.0033463458081813744	0.0	0.0	0.0	0.0	0.0	0.0	0.0	0.0	0.0	0.0	0.0	0.0	0.0	0.0	0.0	0.0	0.0	0.0	0.0	0.0	0.0	0.0	0.0
11548.A24.125.5a	-0.07812432232353471	-0.11630013198987449	-0.0036998942137407695	-0.010584162465688688	-0.04673160009192169	-0.04140895526327349	-0.02057627022014896	-0.004582557950444261	-0.01722214701585558	-0.020881126601930304	-0.009247688646117582	-0.008228670593902677	-0.01411988341023114	-0.004369867452289978	0.004729216593250932	-0.009624177037853694	0.007065118323330433	-0.010070733277225647	0.007486612017640106	-0.00320008532314373	-0.0005151918513879584	-0.003894860712556907	-0.004920676259045631	0.0	0.0	0.0	0.0	0.0	0.0	0.0	0.0	0.0	0.0	0.0	0.0	0.0	0.0	0.0	0.0	0.0	0.0	0.0	0.0	0.0	0.0	0.0
11548.A30.131.3a	-0.03866319939336092	0.04927304508272133	-0.014969455430802732	-0.003945153499277091	-0.02697831185728102	0.024780506693590786	0.04360572558160002	-0.001167943328148694	-0.011221514566474326	0.019081573117690747	0.0067961142551757016	0.006261420345496199	-0.013010916080084044	0.023015264801416836	-0.004182821173647135	-0.0045005221347136	-0.014656600660022303	-0.006238408519178705	-0.013185679186653995	0.01174672909035105	-0.010976563120897485	-0.0066269274023784686	-0.0011966651413669053	0.0	0.0	0.0	0.0	0.0	0.0	0.0	0.0	0.0	0.0	0.0	0.0	0.0	0.0	0.0	0.0	0.0	0.0	0.0	0.0	0.0	0.0	0.0
11548.A26.127.3a	-0.02165702482984916	0.15037087881803773	0.0004929056479468894	-0.004221621193753839	-0.016299035871440853	0.02257623688521394	0.014942852091032133	0.0017081504447230835	-0.003098619658402515	-0.02173019380704436	-0.03925595575884807	0.006237441931509539	0.014554811858716096	-0.03172729624723207	-0.012711439012310068	-0.015778928064186896	0.008532185997231455	0.001401674374023532	0.003567584101263898	0.008484904254876273	0.0014025611849423452	0.0042294456101354795	-0.00519655028167713	0.0	0.0	0.0	0.0	0.0	0.0	0.0	0.0	0.0	0.0	0.0	0.0	0.0	0.0	0.0	0.0	0.0	0.0	0.0	0.0	0.0	0.0	0.0

Biplot	0	0

Site constraints	0	0
