Eigvals	46
228124.72879948642	204118.21398918546	130132.94109842731	96374.05101505842	71600.92880239038	63199.192858866474	59904.59165502864	56154.730934778374	52197.35497532401	50258.17585758195	44882.67553314675	41726.531451471266	40745.215920234616	38285.11954971835	37195.678732412496	36295.18454728925	33584.35331825788	32187.247561171145	31661.36044610006	29770.833602079132	29315.897852058974	28384.266676377847	27137.840995607672	26782.568839862957	25545.553511169997	24825.04315037829	24409.351400271124	23282.908267057766	22157.55471709687	21772.721249958744	21327.800794114934	20205.192419214098	19629.927552870977	18301.854296864898	18179.269964855244	17701.497521593592	17074.410198853944	16671.4537839366	15245.429998345786	14049.53888745892	13959.60859964295	12818.01493380438	12301.047477845244	11735.975832969554	9852.375631955076	0.0

Proportion explained	46
0.1219223173108477	0.10909192434278966	0.0695501527637631	0.05150755768664493	0.0382674478437171	0.03377710117652763	0.03201628631221678	0.03001215589193388	0.027897117991457034	0.026860714735395606	0.02398775370346636	0.02230093788902205	0.021776469260780255	0.020461659367614373	0.019879402679714026	0.019398129394029722	0.017949313095062744	0.017202623455895818	0.01692156065288098	0.015911159829724304	0.015668017312199342	0.015170102717776256	0.01450394474290443	0.014314067894689132	0.013652939326046094	0.013267859228432417	0.01304569084832394	0.012443658101400742	0.011842207687290572	0.011636531659359864	0.011398741862168889	0.010798758619577159	0.010491305648822214	0.00978151074941371	0.009715994985720436	0.009460647291780044	0.009125497569314509	0.008910135648050913	0.00814799063468658	0.007508841094616645	0.007460777436000344	0.006850647416782816	0.006574351766870034	0.00627234661051343	0.005265647763775422	0.0

Species	0	0

Site	46	46
A25_126_3B	59.83055674502578	-111.8072120174905	-45.93740845275139	-6.545549909860898	-4.119748709031577	7.852567322433376	-1.6261170807123644	-32.62170425914781	-41.830830046390325	-57.813882644749604	52.839762979944695	-17.161712415824386	-18.599983309140207	2.1528948185170425	24.18367963186595	-30.690722309637675	-43.817787161445075	46.9496470879382	17.01104263836673	39.84836102012684	-29.399655625342923	3.6230973968445213	-1.6933950118318122	-8.208682463157539	-43.89741414374906	-3.726337269073983	-39.028627870942934	35.329936235866775	28.08776787106409	1.4970432258805115	-12.148192297601684	-34.3066567941245	-22.740463142079154	-3.658143573777749	-21.454692717148763	4.605603789832898	-10.59455556776848	6.684477149577399	-5.248907692480681	7.487545928882789	-12.76088557796546	13.474036958721435	-14.140958533188755	14.773120842976466	-4.4044301484228425	0.0
A24_125_2B	103.74250171972521	62.48866681338728	-132.09012120055627	-101.85252912603296	-6.555786181088562	-30.706971531832803	-39.31363664167942	10.499264227807789	-4.9306172749326445	-41.16621093442369	-7.66928989226832	-42.18102564227336	21.911585631544693	21.09366855950613	24.938601770513937	-2.3882843752944565	-36.167912714223654	-19.313588443417057	-11.23395571534526	-55.49285143276294	-6.742378163116285	13.075820559087557	-14.810090637566327	26.517427067406665	32.11664154567475	4.678924728559139	6.711378240647434	1.4298623510119375	3.207533242059663	30.577553492866297	3.3533932037636607	-31.67456246215591	4.768447935992226	15.233349844515509	25.91948994706403	-10.770380483301889	-18.58422535492102	-17.32526000655893	-1.1815568699198842	-7.598812576118127	-8.585188400860067	-10.196568103203864	2.153811999963602	-18.66802414226332	-16.79530232537579	0.0
A24_125_4B	-34.93568254896247	61.3109988562761	-120.96245570988297	-15.816100511240998	-11.3246503207901	-42.46868650091513	43.12848455920665	-10.137736487546746	58.32692598140104	24.413865748726202	-29.647207909931417	13.051660178642326	26.055650548247705	5.32779233317962	11.265583940843936	20.080385968215744	24.18425156339234	16.52167674629359	-37.25235842638654	32.185008662213725	-52.14687778152049	29.559844379808226	16.501079682898567	-13.113888773917477	-25.517665538232375	-34.18791145110594	-13.771694200567575	24.60924781417247	23.37644565270283	0.47677176747386185	30.487568156924194	19.37298937548833	1.9281525563740702	-20.027810298491946	5.8560231160544785	-34.879901964627514	11.450728593445765	22.587341995187074	-7.49457069503696	-1.4034576104374332	-11.080133049878224	-14.222165142203568	22.476946993063653	-3.9671920127839937	6.363106692968241	0.0
A25_126_2B	-30.304863815178788	-114.56677517790362	-55.17259396564452	20.36788297457468	-18.050055701187993	36.785340034482026	-30.72757981323639	38.432896752973306	-26.456514215849882	-45.582009357427786	38.682151162974314	62.25358134420483	-0.23605695293429763	13.080767628937258	-41.01040114176243	36.47883754863355	-43.90727057486828	8.445458826885679	6.7768349915433985	26.032609286620087	-15.582122839678085	5.0830482713411325	-35.666896292685806	3.747808846963807	17.789451984027917	26.074143246639856	18.51916638864387	-30.753960769292767	13.071884931427949	28.512172090737494	29.493257746631297	20.77340490996742	1.935541309673381	-8.964124044389916	2.990421545397133	-4.347786510493416	29.33208648022287	-4.955658098339861	1.5024023557275767	-30.687031096436026	17.669447465425627	-12.672744701030899	19.304009151620868	1.8372412253727457	11.815759899358119	0.0
A25_126_1B	-90.70876609546298	-59.9239800090369	-83.53915499397249	31.608817826807453	-31.7624265696249	20.866267697316598	-5.007823719849686	-15.411993363596512	-12.458628255471556	31.294967905526967	-7.504718509169923	35.062638538654525	1.2778109280848748	3.8214847234988243	-70.4375997678413	-63.922256179590015	5.9660347165538745	-12.746496202100483	-52.53957130855214	-11.48389264897482	28.021366387671897	-2.3153158131005056	-6.111325883118388	1.2209246276932177	29.54789971357219	-16.31370072467721	36.81347543790334	42.93080436379498	30.84210962801602	3.9731065589376864	-2.331867575807169	-6.402007910123158	3.598372211783648	13.642001486222618	-15.93966949555143	5.710511057167368	-18.367995818819637	29.622053176760964	11.163421424705499	4.265971787082073	8.44289381732445	9.388659549452077	-23.56347214312798	-8.435929324003952	-10.906634235250376	0.0
A24_125_5B	-43.35645069052125	11.404787657371465	-102.13368532496592	14.00726135356348	-26.222921595509003	-51.88092077153455	78.98889780500768	11.969846422533196	20.695513378892137	-53.187029486218506	-16.507460142557814	2.1599983488211043	12.074911340277776	0.5326083366252657	-36.95520608629301	28.92916431339739	-33.83082180918934	-25.84436330451803	37.86619102916726	-19.43548382498563	13.061666055011855	-44.8278885628258	26.121925264744277	37.3203409174483	-1.3523462639972812	-14.188364018882412	10.149669736130338	-16.80252881139625	-7.026627866032243	-30.27267709168922	-22.664255269064547	10.164200140644306	14.302008700262293	3.2451939021050125	-16.09302717594611	0.9209268630211551	20.046130218456415	-2.525452839652593	-16.89044673778941	6.3089549671579785	-21.027985816523067	23.901782114604927	-13.991711533460684	26.6543483130365	7.809972113763051	0.0
A26_127_2B	28.197294356463985	-102.65852848447591	-6.201301359957198	-28.035578582204096	10.462222859260008	34.82001980003052	1.173058626406314	22.00518471514392	46.787259647622434	-18.82634032933448	21.831616869405444	-1.2799787730204473	16.40393363897632	-0.994273539472724	9.507403108283354	-14.410272515443513	19.11295518179938	57.370485557444226	4.358369366955829	4.70328719468552	-18.49599769683507	-28.322799878201597	22.397996483228415	-43.951881193159196	47.805277127204	11.999348818222645	15.252673633102052	-20.692621773235732	26.123322700490945	-20.995407721598482	-48.96013472257441	31.563064997061716	25.99557219557415	7.5819059049354225	25.959145869797027	-10.062764639626009	-7.806354871355762	-12.617060160490302	3.1313748719553525	38.20821472917615	-10.505438868521265	-11.878092225774711	4.563079836774606	-8.932390501225852	-6.678631671129351	0.0
A25_126_4B	158.81529697720467	-77.09512439841109	15.616451027797277	-50.01260287527182	-39.38130461149867	8.528898655223731	-6.047557890519273	11.922602015038276	-19.86641999935687	-2.8194222102314157	-66.88685931856122	12.23844801148699	-31.68817773974822	-15.493183468322611	-0.2524148036125939	-26.519535088055857	-6.923263671303383	-12.259719118566634	36.21387766470964	32.94599488257067	5.206356666068216	18.857998723553568	-39.02728703100545	28.737633065072835	-6.562018556305189	-15.122909084088125	19.635844784416673	20.447506060432843	-26.0537418498006	-49.998850059226164	19.337596404587867	22.72442035007695	9.282429532718682	-4.504471417289146	42.581624142378125	3.629224705602137	-16.743651482456336	18.70885270889194	18.556867425036426	10.740297510340971	-6.472905600535352	1.7203446555750423	4.658924458002755	2.242002903319518	16.100486679766487	0.0
A24_125_6B	-28.14105585325018	27.3673851352199	-81.69987364383377	41.744165588641465	-48.22220604683173	-21.4255924091792	84.38532306084457	-9.490887700307708	1.4954093987372834	-9.372373530041198	27.220539412031325	-49.278755772126146	-5.376211682048331	-60.73800095268624	-25.55715719371989	-33.81274150618953	15.021518344323677	14.09096683095436	17.417238141291026	-6.222687900933052	5.579892602605711	29.59404975609097	-12.3297080052575	-12.554153288332348	-6.880882477028308	30.329407703208673	-36.63725530399114	-5.370845712774324	-31.88620513395632	6.448002490647096	3.6219818657852954	27.63086426674175	8.08247372032952	-7.162410601750941	10.13063785075029	43.2934048173144	-8.983657111758399	-11.549938574501239	2.3230666725195426	-4.27240722958478	32.99125460008017	-16.13018333101118	3.047114240834918	-15.711672954756533	-13.426862392301036	0.0
A26_127_3B	145.47220586582864	-64.69204399713989	-12.440868498977853	-35.553443840428386	-32.30881216077783	14.717378579588889	9.505247236760555	15.572869868015072	-8.796683216383581	32.26551154064997	-51.73883320229658	0.962898481585787	35.2933782548738	-10.98758388152996	-20.70230093941791	26.938739060507494	32.694854698228795	-11.578684967192187	10.549839310835807	13.056617024249528	44.518030540367775	38.46392038021254	15.590242811166116	-36.12958926129851	1.2207938481139415	-9.181148251384535	-29.121548469717805	-48.385754341675614	42.21486002235085	-14.964881104818016	-2.866591464143598	-28.807159752967248	-18.705418311392616	33.12783296916338	-17.80710322738837	9.553388901872156	6.2245156601547595	-0.08960374210404644	-16.217124946723892	-17.952210630272926	8.026276143234085	-13.573647583284867	-8.772206506605414	14.036486093887449	-3.570512378117513	0.0
A24_125_1B	-134.37439536306795	34.86161803672817	-122.14406269190563	-102.32829326239258	5.309404485990512	-23.67919497951245	-68.50505523514224	-5.2306974564217406	19.663289602667618	96.00690600563081	31.529806286152798	23.154521487935714	-13.28649583295967	5.116238908548378	39.01181090874741	13.396679535829087	-0.9520745966135411	17.5096723447625	16.489815074861472	15.348373545465025	21.937330472167332	0.28394137477317943	-26.789229588927782	-6.79437786255722	-22.279689213134905	21.13114495383704	14.708241120711222	-27.616981247741375	-18.87826338204938	-20.226293390163143	-11.663821862414904	-4.033715601971889	-12.804765898486894	-10.825133057816064	-8.922399122439153	26.187973386589363	4.633107136672192	-2.856835911224001	8.643356471086578	13.120873607535826	-0.1076211265225101	6.417174301189411	-17.210475465049356	4.829032546954365	8.473407568899859	0.0
A26_127_4B	86.133295402347	-87.04135287097584	20.63731833971093	-44.27991188112116	9.50227199760371	20.977481448957427	54.13939265984921	10.393036923227422	19.15921485182262	29.295464070407046	-32.501535554673666	-15.312941857684732	53.49000723869131	-5.372253405280628	34.953442989647286	-12.264082716416393	-23.22578974403293	-6.670983804222275	-31.033094493628617	26.567913675757733	47.67080283147576	-60.776943904991356	0.9516237549577002	-7.398156133762763	-21.114261655394966	35.18989814403272	8.964294524210477	16.389165954980196	-12.095098340348859	38.081185922606444	32.83803932968576	-7.045659913751707	18.95252402661568	-17.1843829224735	-18.93435335049849	3.3883711731450035	20.002997255683912	-8.982553125849064	-1.5863010742161634	15.70992090920404	9.160675923517699	22.241674434987587	13.778343351354913	-12.554116263071322	-2.6870839143020335	0.0
A27_128_3B	113.71185058760946	-42.60665677517383	13.221042231077545	-48.39937208425464	28.531269511136305	-1.5736358112641493	-11.52342247465081	30.548596003897142	40.39307785301872	33.452664704423206	-3.1344481236015387	7.888109602752697	-3.324165293526976	-5.760692695250123	-15.152050195459097	-21.329395083950775	24.26356069476112	-34.38006648245298	28.08483734920593	-4.838101273658171	-49.26465193075732	-1.4652168598885582	22.16228678084741	27.57567753493366	17.981891323977077	26.045284704498687	-14.78706573949711	14.434557054881264	-22.45468166327672	45.46598274510722	-49.2729566556916	31.418473738702207	-32.90786971187324	-14.125270465104249	-36.04180562977734	-6.1388373008417	-5.436815227033558	25.992035478349557	4.69849904124175	-21.1700734599656	4.930353308705397	1.634009738173171	-8.29971662818213	2.337007582532156	10.34401676462669	0.0
A29_130_1B	43.270771004444164	-5.544454454638205	-34.089801888852726	81.97958348884849	-5.725791006432618	39.27279842268608	-15.547843183963685	-32.61844643363131	-3.541050032346042	43.06754293389924	20.658869250028637	-54.49079938907487	-10.748523873311642	26.659221279088932	8.214571091213282	4.575316414400271	-21.849683817123694	-40.00032561670345	-3.0451752295432284	19.53534300298936	1.3846708383937734	-29.578571118932977	8.952081427899635	-22.569698514110506	-14.198634516012014	-12.537390436063303	11.79186524498938	-26.105957050070216	-26.51621339569519	4.722914926039669	-19.61609311749153	-12.799474789552246	24.12939180111653	-24.54514523812763	30.59469523139792	-29.083613233879003	-2.9159991438939694	32.17259822555922	10.021612123364974	-16.32276036874108	12.234188866925402	-22.97774602215015	-7.008041614370755	33.26752433293733	-25.03150405407198	0.0
A27_128_4B	-0.9898001672602877	-52.319867154149414	23.82113007798425	-4.131322633703507	78.09258993792783	-28.799852108435342	-16.12151284452861	-21.263743297772216	47.48674316226321	-7.044907356218706	21.42531426474065	15.788155756940888	-5.692311365412716	15.98187199885661	-41.2874110469956	39.15579507963506	2.2261439939196603	-47.97603294972657	-1.670880153095731	18.109527429248697	10.985333306787345	19.802990873372718	5.457856070957267	9.936968042145184	-20.84014435167473	10.587992465923376	-12.386688400050941	37.56438818336722	8.243942305294711	-22.13219568311929	-14.414575236158791	0.7257462112792205	-30.517639365533626	8.40046000738973	42.766578689104605	-7.287362333345562	22.866743475960234	-29.560094849701372	1.16039720997564	15.111521181683262	31.68274034363817	19.289938668591947	2.006645276084508	-8.51544439599611	-31.81598679197623	0.0
A25_126_6B	-60.22164584528706	-91.65598193547913	2.8785605749129006	-0.24754655152536706	2.018410337408966	12.18732268519931	48.235567945897316	-51.39476357567785	-55.89312334753615	-2.829877251895514	-46.89899772977445	8.117899386935758	19.769673928241733	45.51619207684167	-8.009032852608819	17.626439901287863	40.982860326509176	7.545338753002883	36.522537716348914	-59.223310840625814	-26.892927885596897	22.499622392918994	-7.012596375821125	-32.435123097302515	-5.849533823580457	19.013334130580006	18.196902603297758	1.8172253394955573	-14.839569685422823	-5.2688771163045445	4.650485603330912	-22.572826426128636	-6.432837365225587	-44.12947414448798	-11.847623340017737	-28.291593819976036	-6.225949022193568	-29.456278692117944	29.370011907426814	4.284415361843706	3.5550239960922982	6.085974865625375	-8.960575952020012	-1.789346939850246	4.027889467096245	0.0
A27_128_5B	8.560127188608616	-26.64545942038856	61.29543319579953	-2.897863436864705	75.25260702149268	-82.23525781425639	31.806059977907893	8.274755486114026	26.045620908171692	7.4704949157668485	23.18557858938781	-21.912050936744826	-45.77975413722894	40.04935586270899	-3.52499318317511	-25.92937868175536	-34.51134124893139	-24.75027141505227	5.6249614063965945	-12.42795196781435	16.549118958871084	7.90984709415152	-33.969140985946716	-33.217537051289014	13.72647228583093	19.970696718397328	8.287724090326714	3.317956795562424	13.635326245409685	-45.68870980963538	10.761490214393143	-0.6609391248474243	13.298138553513867	-4.780698739547902	-45.41186076261006	-2.2724712269379443	-3.10679586749295	14.00275526429899	-10.848853629077183	-15.482131000092158	-16.891058008930624	-29.489558881928865	19.936189866339443	-13.864949124431234	-3.2283342167032427	0.0
A26_127_5B	-39.593029027152184	-80.3954157673586	64.92967806431375	-20.73771305040541	-18.557669788331275	-55.92953870148386	35.06845237913626	78.5103154929379	-37.23086920738124	22.538535216540676	48.712315559827566	-19.8297630000103	-22.049114754320506	-17.154339487461403	14.146202147890456	4.069593729762965	15.47984630957854	-20.696616833989253	-34.84799737446222	9.041645266428088	-6.880416616516595	-2.4034947837982577	10.420025168563718	38.995825314963824	5.145728351508318	-48.42104585148256	-11.724973807577273	-45.718888093408346	31.36325599730388	-0.300486390560238	-2.377474411057222	-15.029487059006389	2.94626667104209	-43.017003213573275	10.721336502090889	-2.8152164125069787	-15.140453113288533	-7.820895036692494	20.89401231593288	-1.4741761276750156	6.352287589734313	17.513599707533544	-6.7166989387694755	-21.05736891990032	2.2328224005537654	0.0
A29_130_6B	109.37795403580779	25.245880858825895	32.31576458155286	53.21174155033594	-6.993130417045015	-87.89036363026138	-52.540891746554514	-51.97944297956949	-14.72561182781211	-0.6036649236061071	-11.734898516475914	36.018659099131575	-12.224857134467518	-9.432975505923045	36.924217096278944	4.694561429793881	23.891076139385248	23.12676102227694	19.77333413650569	-10.898648060078376	3.7735067748126405	12.53115659592456	34.1462021044993	21.970249291472783	3.6812557929513128	5.580113751132936	38.99829863663278	10.027639649804703	39.49117927734136	20.969343473908296	7.512592888170008	15.694966012101432	35.917054213003965	-28.04243699636714	-5.291343870322486	41.250262805298156	14.610507423532864	-5.196275195154392	-2.269659455979085	-3.7287534406124068	5.078834209940378	-2.457510622870356	-1.3980654803470747	17.559313469591174	-21.119475278997598	0.0
A26_127_6B	-24.824898237354812	-85.12129949994153	20.141499161592737	6.772352532405407	24.287756301557767	-49.709252424595206	52.97920690004865	-27.29029428959072	-44.27332781578145	-20.541164335815196	22.614240448118785	47.221070799574	25.219101228284586	26.057021147219828	74.5575375500576	-5.223960183221653	7.46278078017052	7.023817548562458	-26.339138013276195	-3.343934262361087	25.710440494276597	18.318392704711517	-8.08035742042654	-6.141733962520823	6.8458386422001265	-40.1045056821461	18.987796725888327	-2.0409545251864025	-48.87501021589465	17.41743659209157	-23.177425531526822	23.898679442008167	-18.72012109214662	36.55506452771495	12.037010306168472	-5.9670205932588996	-5.404599472247421	9.31262774005388	-32.13655223111906	-7.954828301885115	17.360815391516475	-6.443906521393309	-6.29266030134364	1.9896011547748707	7.601832112755468	0.0
A29_130_3B	52.72102537386749	-5.379807835294963	-46.77953750769301	89.911219511526	-1.962281658514477	2.6115934597718535	-17.298900277861232	-17.843586077922218	0.8681140536167621	32.80842407680512	19.08982420163776	-63.84460505797999	-32.05115832379655	32.30727590070949	6.507787281505714	10.263687278693938	36.04230371549235	-5.519403542867895	19.311978506863422	25.03108044133744	-2.5070672029468266	-4.082528649534672	-3.5588428037966375	-29.61525918005703	38.51873518826532	-15.555565388462773	5.688172604286999	14.881116904229351	-4.1714614389461415	11.94459361935092	14.946763231023693	5.576091557456373	-2.1234877093971485	21.619046823203032	12.654506544502208	12.299589945292889	21.622420852973057	-22.049818365200327	-5.386952118812865	-25.542255538222758	-29.385215072831734	42.877562246426315	-5.3886384338749895	-22.98102760472465	25.40677992960271	0.0
A27_128_2B	-29.461477106652495	-78.82016497716138	7.9113118528631015	-20.83654739444224	29.134192445059284	36.85529311608303	-26.898850948355165	21.265204840069398	35.402518081493234	-38.07919352318538	35.34235665080613	-2.0304339435671097	-26.048992002495662	-29.182960998230765	-8.49376677767784	14.219298594578303	21.180208565055633	-5.299110722063198	2.2162138755055762	-45.50905470510334	33.27786175783552	13.015961673129715	62.47628432816274	-7.477852619680222	-43.86304222262761	8.39367296990214	12.035721440619495	18.9659857027412	-12.242770601881142	5.508801255452704	21.02794901117967	-23.959784518207183	19.759507121767406	-7.887756132118838	24.418475628404583	6.607621059036104	5.656910109155132	23.890507632311152	-16.492635971663194	-6.287221442894286	-11.196989427677519	-23.39227079251419	-19.628852719121568	-15.965768056320208	32.59969576933887	0.0
A29_130_2B	84.3170930332529	1.28112505377923	-0.7647980807169401	83.81908882141947	-29.40235355416812	-28.030566678316827	-30.356712530439747	-33.943290916649175	-24.17412533225289	41.285766099918604	25.053648644781916	-7.02549803060662	5.392674233515744	-21.23207996594723	4.625498670120441	66.5800272167939	-17.78514509144532	-3.8761991894153445	-3.5492485804321148	-41.83627079893751	-5.131538698536816	-33.092998297008364	-12.511296418969858	11.882556361137977	12.597423808617433	17.95910335301857	-28.42492136360001	7.358053573913515	16.705439598375893	-10.444629510535709	18.90797587106003	11.421778565212513	-15.100072697605498	15.139457434089945	-10.487396482892908	-19.920220413613496	-26.001766352337597	18.903518590030856	-6.3260416858820925	45.90381995789177	26.010794756952453	-7.9325849820364125	1.373019443402344	-7.937193765542408	27.741084666275732	0.0
A30_131_1B	27.665990778866288	10.768232461455996	23.107601907467327	-23.94692893365473	19.994139340610978	24.626878387159742	-35.46800657647011	-43.044429833151554	63.324529637928194	-56.8625665136914	7.780009726433697	-40.225235511334255	-0.5573298908626215	13.262502582807766	-26.453140180190207	12.980037849596957	45.678580614966194	24.72821914705735	-6.454674848379881	-2.2789617561171327	18.58360912580365	-6.077464671689398	-58.206457349265094	26.483454389203082	-13.801225377575282	-66.3094804729545	-2.7688196719499523	-9.647911224368615	-11.393233675595283	16.79412131304117	-10.851156606297108	-4.099045305606578	22.20981887488769	3.1137194248654243	-39.250131605545334	4.490762352151143	15.625457369784808	-3.9670642441327746	22.24494847555509	13.276671321830936	21.04207179723682	-10.592556221190508	5.305412159839168	3.566412013110173	9.600790582250957	0.0
A30_131_4B	33.565499359113296	74.0118120073047	38.506016250341965	-1.9985622153337708	-37.03211633146274	31.819380452358384	9.174849950574831	-37.71086633382366	14.598089651256876	-25.858725447599046	55.40623182310203	-1.9457524312318517	45.370097243374246	-20.75166256643344	7.315317929901617	-6.47598905008121	45.67166804685021	-24.522475317880076	-37.89584680701088	-5.751357520275778	8.754547209595238	-8.314419364157503	-37.22390664652231	15.16063482514112	-42.0160090880474	42.982488223548266	31.484154846917875	-6.748957370552592	30.111689109751044	-23.060132189430416	-11.728959320749848	22.25667385626181	-13.971277857832414	-2.4097511086829093	6.628186812873904	-11.66746906361293	-32.51440388419145	-14.740776654566204	-7.277232502098239	-31.42074827426693	-25.418708049202248	11.527605853209366	5.868458237239256	13.383605223042112	6.861661811242691	0.0
A25_126_5B	-94.53343664989247	-63.442867915541605	54.08712625909955	0.26501189072667214	-41.70355305453103	2.26770756969148	6.176097138434969	54.06855615240615	-49.4779770448241	41.88657936104637	-3.962599547296812	-39.78730216279126	-0.26939676924981115	33.746313771966484	-23.17138816399814	30.453972565392746	37.78355285905843	5.244927094172395	9.682152887973572	3.5575962882552687	-29.594509633134525	0.3660724598136503	-18.168297075135005	38.57804617822407	-33.93006939679695	16.75550427417398	13.838391019940948	15.362460161079149	-6.681418266552955	23.777716632144237	-2.107260672989715	-0.4106942015562998	8.397245001671678	39.101632085260505	-0.48688934507155834	14.301894345704627	10.618801315161585	6.322270659580156	-20.750784847181073	24.553130384509608	-34.76532417838246	-23.681061616054816	10.542947302317671	2.871708707948719	-25.13910688411652	0.0
A26_127_1B	-103.4990064630206	-91.06258663174164	6.984374271901175	2.9724089628804236	-33.75853027755868	29.792787043804378	-33.18690112241188	-36.71432661592742	7.857514459460747	9.415050828116467	-68.28400560464625	-12.325826321647721	-38.236581170845405	-40.27337098231876	32.50012765280508	4.386435911742774	-19.65188506727684	-6.411794142377816	-35.16801750105929	-8.649392389849544	-26.75958924395114	-50.26314010325359	15.114387981415296	15.467397806728922	5.777449926745953	-16.61981371763665	-7.612604566527264	19.187700677462995	-0.10520878912748037	-28.768482693264463	-15.9482994776243	-1.1276502010623073	-20.978114846833062	1.700637753964827	-9.02871587617723	16.325254453289112	4.608936719851144	-44.484662557066805	-10.55739200676594	-33.45067355654277	6.738526119731016	-29.92311999661275	11.193256939553486	-4.660276991447073	1.7143382826382367	0.0
A30_131_2B	-19.271409513168994	49.935485178409046	59.082831907886266	-5.394257188818881	-47.108032148264684	-0.9505799560530458	40.235093838797724	-13.82078960794449	54.64391753897632	-50.43381495521631	-18.96711652137236	-3.6858079456457182	-42.716636499843126	16.130083729532167	13.834107842737557	21.50648846701964	-10.097254867114893	-28.75601563232246	-46.12583619864405	18.30430636676239	-42.500709970566525	17.510909232665817	5.440225431468696	-26.80598559294924	24.635476352904828	25.993076021621437	33.80618852234576	-22.131119333702113	-6.874363753847881	14.399581379058706	7.97665711544402	-35.03582764436208	-30.180939262909614	8.066164100530898	5.115452511046848	43.40322089849861	-3.9484548324782973	19.099811630555557	13.506291921436183	27.650616855766373	4.960957182391957	6.380818033443931	-1.1505315696318998	17.584588036803982	9.974777430427476	0.0
A27_128_1B	-76.10217166608726	-86.01592584397739	33.760989528356994	-20.29580430414101	22.049900749241672	12.594449812311252	-24.989779111886524	11.782093893491155	29.052286841719624	6.228082898219312	3.3464242847576195	11.924774196148078	-7.853176718403534	-52.2756955742988	13.991266401742466	19.6450223047213	-11.027185953163002	-11.067133099214384	-7.227278723745448	-50.75062763155036	2.9792249364000187	15.613251545360626	-17.705704098390626	-32.731325276139785	19.24518601812858	-20.308513218468033	-44.4749666751741	4.552789436729357	-12.318163487741055	17.158630292730166	36.343851883184136	26.7976960137114	13.179772946999021	8.751645039901808	-0.01030002806000624	2.0025177147407214	-17.725706166011115	4.815226721277623	13.21378709172338	-3.6294718680237046	-29.921605801305425	30.51826500254106	8.350719162713554	41.25614638481012	-22.66780710935514	0.0
A31_132_2B	26.956058891582355	82.34359260390823	-26.01501971070166	47.481280176350495	4.573899826460322	39.16860878569251	-3.7583479419994	72.9223198767031	-0.5633792485772958	-20.663047719809725	9.866125418728299	-12.00361483010328	-10.572590427164467	-20.640111714147505	13.539613924603543	5.7941548987240745	15.307872604994838	35.753204088054865	26.35700413586052	-10.546343019893818	41.590290301153516	-10.423553943156847	11.549119285503092	-1.4983691169980267	15.466152664598653	-25.171817318113014	41.349064750456805	11.958727741419391	-12.146694345854343	-9.445982460907898	19.154120797031425	-1.0644084033189554	-78.41205089017163	-27.864946653618034	-14.219421495393222	-8.67528152598358	-0.40514267146672694	6.783726549176302	-4.00467197663688	8.190038193726147	-3.9276357219606837	-4.462194073748663	21.111172184683678	1.0455411622558863	-24.72162386647037	0.0
A27_128_6B	-51.88632139782062	-24.115580222493065	9.23230600214868	31.553800684181194	85.6659527709375	-48.41387555899061	-10.100168296662085	-35.35541245073946	17.32125955304592	10.768198081752567	-4.019579682904845	6.394072541034499	26.035252827129984	-45.61365226811079	-29.85904193410966	-46.88239341287933	27.271290465996866	29.529228272189442	19.10767901116816	36.97105418133198	-19.59126618905466	-17.35936862518671	10.760436390054828	40.32620434837615	27.00845524729278	18.257486717498715	5.976103027358457	-32.37547095722948	-22.37804376294381	0.9676999360080809	38.13239276526202	-51.11616385522805	-4.064336742441858	20.88263440734639	10.616547669113174	-21.96625005165864	-21.33681531486431	-7.649200298430411	-7.767850154188988	-2.212616596738725	-3.082033814866934	-3.188432608017283	7.512733963963587	14.979906104910024	4.873996475424121	0.0
A31_132_5B	69.5128595069367	87.92495634403305	-21.547557429496727	2.436045791401174	50.57957302959292	-3.8710117955774517	15.8837067448383	29.800258659211444	-37.18591125667229	1.9319343427761748	-35.9288147844826	17.23239638816011	-74.82618298312073	-1.151595179816641	-36.40079960263368	57.94546302123502	-4.551041328262913	59.69114575110686	-58.17242469097307	19.32296894208849	22.46717842733319	6.820499146156867	14.44626851280913	-1.7109384394757023	-14.138878112174085	23.149134754709948	-2.3459735527795975	4.6027316916541325	-25.658641192770006	7.400477411036636	-28.78307424665969	-0.12459916305977185	24.964632625421487	7.3949824799797055	-10.607596284296942	-15.174953017839579	-35.84791282113987	-14.13357333464334	7.575479033681205	-13.723057186038925	-2.5397282680515394	12.769331473616042	2.6356615929039857	2.2486373080289086	-0.378376105504512	0.0
A32_133_3B	123.45658202230591	73.59477168745715	10.60188519968214	-45.49271749182003	-42.10042733551946	16.862908348829947	-20.908828728324302	-17.265185368763706	-35.59086669611919	17.896693850029163	48.491707545933714	53.74934729812992	-25.679232804170077	17.093053931792408	-36.8009210080254	-53.63030349487639	8.683580330871136	-11.541974816276673	-21.458827516294658	-33.57027554857534	-39.690819415724135	-22.787311804896753	33.9532475584427	-21.669608530846084	-24.828567017930883	-22.970266585150082	-9.010726824252114	-27.50523161411379	-36.02593407885437	-21.408207666894963	20.390112344018327	-2.4340348295798386	4.914424383118392	13.832108225600763	-11.51763662710301	0.8002704736508534	24.68350244889716	-14.674782392646208	-12.19199036810309	11.4527609290962	1.878244814646614	12.431086404027912	24.1426557633257	-6.470855081023563	-8.63548467145828	0.0
A29_130_4B	-3.380541436011562	3.510363972334977	45.142882793952914	97.67793579508067	-33.43424628745556	-38.01248520767133	-48.79092059785897	-5.534708993775759	34.55196148574044	-7.313165335691581	-22.113025369751924	35.11436946022264	63.58594895000854	7.793088747043482	-17.593962141276563	-1.7932817864561248	-51.21398951325454	-0.2630694759294377	5.067551314205768	12.585872618014402	13.10126892660216	11.884607264469565	14.241903947547671	-12.140342839957409	-33.618933001453	-13.888795383910669	-11.433581811535165	-21.982274274361036	-25.092722201521102	13.05699398048277	-18.94189270634949	1.7315558350523348	-14.125038999864174	2.7087446449364494	-3.2361916778187774	11.999102835275956	-18.291054665488456	-6.772094588191223	38.182358460112766	1.5364899387978521	-39.94979047744979	-9.562446547071339	0.0409782602294924	-36.242257405792934	-3.0435083807972885	0.0
A31_132_4B	-8.278205370460304	113.11234442409594	13.038866168663816	14.101641258869376	9.291337985624395	-14.370434410516118	22.037058400344623	55.85127136658222	-26.245573165898445	19.58420489721253	18.82824216148549	45.84395947191877	22.40288347581958	-37.99456338348947	1.152522808522913	-4.461569141080028	4.766921909703796	-28.04854908027227	28.916552093078135	1.0183050270785594	-1.3828630693987147	-18.688437264704767	-28.810509958076537	-37.72364273669244	6.02368139673272	-19.332624220503533	-4.206904802546196	51.48662293557355	11.07578776252629	17.009749278198097	-40.68673101293015	-46.77863353202219	18.746730670306974	1.4408703569627326	17.652647272475757	11.406291755477701	7.362590308078015	-17.150605939624022	13.303745432779229	1.4066874473983173	2.077121231850445	-14.397485057921237	25.373298380833518	18.952566804183977	23.514917883731833	0.0
A29_130_5B	-29.569404168144512	6.523576273898493	47.5881175596426	67.3488960817428	-52.261710231297045	-21.07669735061795	-49.73406878009436	83.64463522130804	37.4698195028734	5.381170623682959	-20.885369601001578	-30.529614574744645	29.797804006563684	31.55203449393581	18.64714898125248	-46.042323987420694	-15.932489612264673	45.32349362376276	-26.918087054298994	-32.116055953832834	-3.454232389190106	38.99293688775637	-3.331850476937174	13.451987152526124	-5.230577292792967	26.795870478064987	-12.661143296789513	9.849439275633435	-9.824079419812316	-29.02658379419217	-12.806271193508392	-12.668181041829717	10.400429501664279	2.4564959955271672	2.8457621243703386	-19.259698560405155	28.16021770302267	0.07370000412389634	-7.265773521389326	-8.971287944804985	28.87094728610345	22.992276921235373	-0.6000422967982787	20.52762836573565	11.90635545439876	0.0
A30_131_5B	-38.567000369712574	72.70793438793027	77.13833683595686	-25.193469857808456	-94.43159773130803	-11.360974387627234	8.45813358947623	-27.38401521681108	25.490660291849494	-18.9211435250142	-6.321913521210031	44.83224111405659	-43.1821034654327	-32.65940772688967	16.080944470850714	10.523364378290793	14.444061227420182	12.957926331817685	26.937903150764257	13.16056101486756	14.377329127773727	-18.91058030353293	-33.11169294180882	-5.388415154104207	22.119475714217142	16.90415493789737	-23.588094986465194	2.437842865497081	-4.547627481104634	9.994248081409431	-5.665971167983777	-21.811711537571817	8.961804285143586	-2.38616532330423	3.7056027467172687	-47.37000471969743	26.914638281743088	20.09079234303245	-15.676646179711504	-9.96752528851646	-7.271576300859343	3.6172227083386894	-29.67225904283023	-27.990813347639943	-22.119273203856196	0.0
A31_132_6B	31.524920405343565	78.2768891021236	11.817165602747867	16.749798595820238	101.33752636109982	3.120348562172622	-10.914320327848635	7.1552803847531665	-63.508324789842646	-12.08556906955386	-37.37697306267786	-20.814757471144862	17.959042754086127	-48.76676808468095	-13.569160089756926	-20.09141614301267	-12.908061747472047	-2.1633644887535377	-45.020229986789104	-9.849260526184343	-23.38068570581027	-0.37680389343190385	-34.671502218700404	-14.02095998788719	-3.774080931596636	2.3510778819085	-2.0276302443621326	-19.25128241253571	6.850451932132668	-0.7007688175945505	-1.8891832863622866	22.464436158349343	-16.681489234964165	-14.931977754235032	11.36633951727525	4.5747863524669885	51.67717900657384	4.173885295789412	-5.480791205058529	16.209197295967645	-19.67845595269978	-10.828158736346815	-42.57681764605849	-0.73414731723228	4.141620497347369	0.0
A31_132_1B	-64.77196460101077	41.20561177407087	-47.80215893483295	46.608002627493406	39.59975989824251	44.29402524383265	4.9943440403492545	-9.24000382392756	-15.552119021515056	-28.097040623965825	-38.169621407965586	35.47461279661816	-38.06267398885327	63.00410164173673	35.87646726964977	-41.79580318380974	35.613827587242945	-18.471393919278437	1.7851927898824709	-10.362300563615229	38.97052141671634	-16.523529080220953	2.123044432414479	32.864113357012926	0.09520515792028883	23.760714749482464	-66.86836077902393	-24.649982359357267	26.45697931875451	9.900292802136777	-6.843275537666767	4.911040119608084	-6.652497598874326	-5.360368695832951	19.200595210760497	11.308496623202137	2.8554995452928673	16.92632589851682	8.130087235163003	11.308445516145364	-10.53229115596006	-1.465172167378432	25.307605493722896	-0.5610774502651513	5.875783976181781	0.0
A31_132_3B	-35.23781346951858	69.85008684565015	-16.34459400892302	39.877082290327294	49.004067144084196	37.86914224237707	-14.851029339371378	70.49618270930145	9.900915500621993	-33.13577910032982	-29.06646412579526	20.391344846145746	9.53972503527423	9.953064408299849	41.637424973435216	2.546166315053045	13.70746514650832	-28.23388761752488	36.375502387637596	11.591280207147259	-48.050035793316134	-23.391822293465133	-7.130818390968652	-18.636153437831666	-32.54896142281356	-9.81231008937876	10.382817203327313	-6.926698357845428	11.603604454368279	-12.2457590954821	26.427103113034264	7.673013055447676	26.308342335934725	25.850000432892926	-19.604458758555484	8.655805391356978	-37.27900734272473	-0.680397286638963	-8.443700882645977	-7.149304107990056	32.660573720088415	11.462216406121035	-28.242797208143973	-18.588487369417226	-14.039393251077733	0.0
A32_133_1B	-72.1178094783767	35.465453724117275	24.645183681441228	6.797680811357687	13.954310354939373	61.045854664719364	2.1722106896762194	-41.67932939005006	-3.1311351910157135	27.392578898861093	-23.05370994700318	-21.52265750093253	-26.139622210137574	-42.845842824449306	3.3820446754755373	-20.342470717938024	-51.78050804303346	-19.51172853338081	32.36542404978812	-1.3913391353018354	3.179232388817609	62.03801126042005	5.837975279553379	7.864073212377329	-14.917291040237648	-13.63394520196279	33.14309634448557	-26.017268047482823	24.07814814306364	27.281864916736073	-28.165532383251346	4.799872303969354	12.24635625577038	-0.5170257080722238	-9.780891753198121	-22.546717598285817	-4.4614434352708505	-5.727495147034582	-35.310299473768794	20.914919123156416	5.6428189422849355	22.087276353278423	28.384774862165443	-12.920353098624902	7.649535445137959	0.0
A32_133_4B	9.937571471229907	69.55458980042994	64.61121594839412	-13.200327959199026	-2.1691866812671567	55.075249637533645	11.775448492053078	-5.658611196236672	25.26860109008584	29.440871683123877	10.907809394253842	18.901039282321577	29.864728740305413	56.85760532458715	-31.37933857829135	7.546511898769341	-24.997928725884975	13.153555358753577	0.6237113727191348	13.171868521552573	2.3042352534765325	10.119494669461075	-6.666892912885003	15.75720941275222	35.104534741249715	-19.53563295858449	-28.8305241240862	14.692841279820392	-9.941465443401093	0.49636204603719497	15.486219441820941	0.701961947435103	5.737357916149717	-47.8812063267898	9.871557407065854	26.710416142099938	-30.758414803597418	-24.9113468747298	-54.093374230481054	5.260182599416286	-6.345311440703516	-11.37206009769819	-24.22997226155213	8.279966136472972	3.6429592009292904	0.0
A32_133_2B	9.296156118466344	55.44555040714209	4.609693414809704	7.744290320933318	15.759901626743995	82.99756901120759	42.55110703922381	-13.389190459197875	-15.985212427643276	15.651396903164096	48.31996630580079	10.496011783883517	23.71350350959844	-10.568184037420458	47.24294017292091	18.07830435169954	-13.924398806924376	-13.440419470158282	-5.246326721355559	18.93576362241129	-0.8013800534011147	46.70297434209293	34.65284387285651	48.24956605069488	37.441671581190924	9.67196670565229	-4.800242180222155	18.49663266820889	-10.373392396273827	-33.365653887956356	10.576801005308027	-2.6025103426626996	21.68372918258317	22.431139478981322	-30.1795308374543	-5.920831952583751	24.116319102935677	-7.787225900561699	43.47529829467785	1.026519946858701	-8.945024102602114	-14.056596184141728	-10.304216889272972	-1.8181123372167696	-4.928692211183157	0.0
A32_133_6B	-51.59427524669311	55.06289393148511	64.55568526209647	-62.11286707564826	34.48022680223701	19.21283043388274	14.278666512214711	-40.147693096353684	-30.28324364866781	9.921314689857214	-4.917730409362976	-20.927116942401174	48.90021783327997	6.649235222553686	-18.727805677471167	33.11494714037446	-20.941605864759822	47.96781966152552	16.37822308967724	-20.15438953622013	-16.64126908342137	-23.419710242514356	8.378805070224741	3.479545797483308	7.394131854170751	-7.297651164478585	-1.763137573045412	1.0882464211067409	9.49511675364087	-21.766057631912055	-11.311138464994643	-6.486030846242535	-2.124580538823301	4.531340116602329	21.44733979122168	34.495029190845926	4.903114076391035	58.84907078274655	8.326609654919125	-34.60374791941021	12.813842773786126	23.817148712247107	21.887111096791926	-18.296892162218224	-4.397133022666435	0.0
A32_133_5B	-37.107700323393665	87.24123372572856	73.99817329066181	-56.42682849425106	-12.796481827155738	-15.892756562248358	39.011946851091366	-4.3398334229463575	9.899872280815078	26.65281255862389	2.668351455633875	-20.427359446420247	-28.673348150993867	31.865788566239978	-14.062246580880865	-31.67129272432647	-35.53338451579912	28.06845510783131	29.67164039426934	-8.207286448840907	16.98534556226381	-20.74629833844334	23.610050633756476	-4.570518836759453	-20.553142544518536	-9.99967210531963	6.864860373536914	2.12112755219243	35.22116858575682	31.375306145247887	29.077081919593294	35.353118813548456	-22.728936261008784	33.8990793398981	19.002559655922536	-19.43202832112774	-0.8724502262809013	-23.450902558931354	34.05256208279671	-8.823316752924084	11.980256318124352	-16.701629868228824	-21.445772317726796	18.35569774977244	12.173403172538212	0.0
A30_131_6B	-123.23648594056924	60.41524432560878	30.388352410809162	-69.2998502748634	-31.496300560601536	-37.94405282645669	-81.94007922771976	-4.60418836402945	-74.00157169180808	-64.81410466074126	-6.509719951184488	-45.729200257995764	29.816746134291353	4.285932247424318	-14.636125345668063	-1.8519228927150573	18.093608651604676	-37.65813096873699	-0.2866385423081837	53.314439525291114	23.921834625533748	1.4797488128161822	41.3018862500697	-29.08345024897249	24.424537720578318	10.644860161317476	-13.3104150554745	15.38407958569571	-12.855381663127224	-5.127316260081546	4.718700309667849	25.39771758681418	7.325412998042183	-10.499804366737282	-17.92949662868698	-14.070323289330165	-9.218778514911055	2.104274528964617	-2.576079045087468	9.900672824728579	8.229959614958233	-0.5501130251273191	8.639613463750042	6.085614103290911	7.288161835877748	0.0

Biplot	0	0

Site constraints	0	0
